================================================================================
DIVISION: Premier
================================================================================
Loaded 90 fixtures
Found 18 teams

Fixture Grid (format: home_week,away_week)
home_week = row team is at home
away_week = column team is at home

     | BAP1 | GWA1 | HRO1 | IGF1 | LBA1 | RET1 | SLO1 | SPM1 | TER1 | TIL1
--------------------------------------------------------------------------
BAP1 | XXX  | 11,2 | 12,3 | 8,17 | 18,9 | 6,15 | 14,5 | 4,13 | 1,10 | 16,7
GWA1 | 2,11 | XXX  | 15,6 | 10,1 | 8,17 | 16,7 | 13,4 | 18,9 | 5,14 | 3,12
HRO1 | 3,12 | 6,15 | XXX  | 16,7 | 10,1 | 18,9 | 2,11 | 14,5 | 13,4 | 8,17
IGF1 | 17,8 | 1,10 | 7,16 | XXX  | 14,5 | 13,4 | 3,12 | 6,15 | 9,18 | 11,2
LBA1 | 9,18 | 17,8 | 1,10 | 5,14 | XXX  | 11,2 | 6,15 | 16,7 | 3,12 | 13,4
RET1 | 15,6 | 7,16 | 9,18 | 4,13 | 2,11 | XXX  | 10,1 | 12,3 | 17,8 | 5,14
SLO1 | 5,14 | 4,13 | 11,2 | 12,3 | 15,6 | 1,10 | XXX  | 8,17 | 7,16 | 18,9
SPM1 | 13,4 | 9,18 | 5,14 | 15,6 | 7,16 | 3,12 | 17,8 | XXX  | 11,2 | 1,10
TER1 | 10,1 | 14,5 | 4,13 | 18,9 | 12,3 | 8,17 | 16,7 | 2,11 | XXX  | 6,15
TIL1 | 7,16 | 12,3 | 17,8 | 2,11 | 4,13 | 14,5 | 9,18 | 10,1 | 15,6 | XXX 

✓ Grid exported to output/fixture_grid_premier.csv

================================================================================
DIVISION: Div 1
================================================================================
Loaded 90 fixtures
Found 18 teams

Fixture Grid (format: home_week,away_week)
home_week = row team is at home
away_week = column team is at home

     | BEA1 | EHG1 | GTO1 | HAP1 | ILC1 | OCH1 | RAY1 | SOS1 | STO1 | SWB1
--------------------------------------------------------------------------
BEA1 | XXX  | 5,14 | 2,11 | 15,6 | 7,16 | 18,9 | 3,12 | 10,1 | 13,4 | 17,8
EHG1 | 14,5 | XXX  | 18,9 | 13,4 | 11,2 | 8,17 | 16,7 | 3,12 | 6,15 | 1,10
GTO1 | 11,2 | 9,18 | XXX  | 8,17 | 1,10 | 3,12 | 13,4 | 15,6 | 16,7 | 5,14
HAP1 | 6,15 | 4,13 | 17,8 | XXX  | 12,3 | 10,1 | 2,11 | 7,16 | 14,5 | 9,18
ILC1 | 16,7 | 2,11 | 10,1 | 3,12 | XXX  | 6,15 | 17,8 | 14,5 | 9,18 | 13,4
OCH1 | 9,18 | 17,8 | 12,3 | 1,10 | 15,6 | XXX  | 14,5 | 4,13 | 11,2 | 7,16
RAY1 | 12,3 | 7,16 | 4,13 | 11,2 | 8,17 | 5,14 | XXX  | 18,9 | 1,10 | 15,6
SOS1 | 1,10 | 12,3 | 6,15 | 16,7 | 5,14 | 13,4 | 9,18 | XXX  | 8,17 | 2,11
STO1 | 4,13 | 15,6 | 7,16 | 5,14 | 18,9 | 2,11 | 10,1 | 17,8 | XXX  | 12,3
SWB1 | 8,17 | 10,1 | 14,5 | 18,9 | 4,13 | 16,7 | 6,15 | 11,2 | 3,12 | XXX 

✓ Grid exported to output/fixture_grid_div_1.csv

================================================================================
DIVISION: Div 2
================================================================================
Loaded 90 fixtures
Found 18 teams

Fixture Grid (format: home_week,away_week)
home_week = row team is at home
away_week = column team is at home

     | AGH1 | BRF1 | BRO1 | EPF1 | GAL1 | GBA1 | PUR1 | SWE1 | THB1 | WRI1
--------------------------------------------------------------------------
AGH1 | XXX  | 11,2 | 7,16 | 17,8 | 6,15 | 1,10 | 3,12 | 13,4 | 14,5 | 9,18
BRF1 | 2,11 | XXX  | 8,17 | 12,3 | 9,18 | 14,5 | 1,10 | 16,7 | 6,15 | 4,13
BRO1 | 16,7 | 17,8 | XXX  | 2,11 | 10,1 | 9,18 | 13,4 | 14,5 | 3,12 | 6,15
EPF1 | 8,17 | 3,12 | 11,2 | XXX  | 5,14 | 15,6 | 18,9 | 1,10 | 13,4 | 7,16
GAL1 | 15,6 | 18,9 | 1,10 | 14,5 | XXX  | 4,13 | 7,16 | 11,2 | 8,17 | 12,3
GBA1 | 10,1 | 5,14 | 18,9 | 6,15 | 13,4 | XXX  | 8,17 | 3,12 | 16,7 | 11,2
PUR1 | 12,3 | 10,1 | 4,13 | 9,18 | 16,7 | 17,8 | XXX  | 6,15 | 2,11 | 14,5
SWE1 | 4,13 | 7,16 | 5,14 | 10,1 | 2,11 | 12,3 | 15,6 | XXX  | 18,9 | 17,8
THB1 | 5,14 | 15,6 | 12,3 | 4,13 | 17,8 | 7,16 | 11,2 | 9,18 | XXX  | 1,10
WRI1 | 18,9 | 13,4 | 15,6 | 16,7 | 3,12 | 2,11 | 5,14 | 8,17 | 10,1 | XXX 

✓ Grid exported to output/fixture_grid_div_2.csv

================================================================================
DIVISION: Div 3
================================================================================
Loaded 90 fixtures
Found 18 teams

Fixture Grid (format: home_week,away_week)
home_week = row team is at home
away_week = column team is at home

     | BAP2 | BOR1 | EAS1 | GWA2 | GWK1 | HIE1 | NAV1 | RAN1 | SPM2 | WMO1
--------------------------------------------------------------------------
BAP2 | XXX  | 3,12 | 9,18 | 13,4 | 15,6 | 17,8 | 10,1 | 2,11 | 7,16 | 5,14
BOR1 | 12,3 | XXX  | 1,10 | 15,6 | 2,11 | 5,14 | 4,13 | 9,18 | 17,8 | 7,16
EAS1 | 18,9 | 10,1 | XXX  | 2,11 | 7,16 | 15,6 | 12,3 | 4,13 | 5,14 | 17,8
GWA2 | 4,13 | 6,15 | 11,2 | XXX  | 9,18 | 7,16 | 14,5 | 17,8 | 1,10 | 12,3
GWK1 | 6,15 | 11,2 | 16,7 | 18,9 | XXX  | 1,10 | 8,17 | 14,5 | 12,3 | 4,13
HIE1 | 8,17 | 14,5 | 6,15 | 16,7 | 10,1 | XXX  | 18,9 | 12,3 | 4,13 | 2,11
NAV1 | 1,10 | 13,4 | 3,12 | 5,14 | 17,8 | 9,18 | XXX  | 7,16 | 11,2 | 15,6
RAN1 | 11,2 | 18,9 | 13,4 | 8,17 | 5,14 | 3,12 | 16,7 | XXX  | 15,6 | 10,1
SPM2 | 16,7 | 8,17 | 14,5 | 10,1 | 3,12 | 13,4 | 2,11 | 6,15 | XXX  | 18,9
WMO1 | 14,5 | 16,7 | 8,17 | 3,12 | 13,4 | 11,2 | 6,15 | 1,10 | 9,18 | XXX 

✓ Grid exported to output/fixture_grid_div_3.csv

================================================================================
DIVISION: Div 4
================================================================================
Loaded 90 fixtures
Found 18 teams

Fixture Grid (format: home_week,away_week)
home_week = row team is at home
away_week = column team is at home

     | BRX1 | CSK1 | CTI1 | CWR1 | GTO2 | HRO2 | OCH2 | RAY2 | STO2 | WIL1
--------------------------------------------------------------------------
BRX1 | XXX  | 10,1 | 18,9 | 15,6 | 3,12 | 8,17 | 11,2 | 5,14 | 7,16 | 13,4
CSK1 | 1,10 | XXX  | 8,17 | 11,2 | 5,14 | 16,7 | 12,3 | 15,6 | 4,13 | 18,9
CTI1 | 9,18 | 17,8 | XXX  | 7,16 | 11,2 | 13,4 | 15,6 | 1,10 | 5,14 | 3,12
CWR1 | 6,15 | 2,11 | 16,7 | XXX  | 8,17 | 14,5 | 4,13 | 18,9 | 12,3 | 10,1
GTO2 | 12,3 | 14,5 | 2,11 | 17,8 | XXX  | 10,1 | 7,16 | 4,13 | 18,9 | 6,15
HRO2 | 17,8 | 7,16 | 4,13 | 5,14 | 1,10 | XXX  | 9,18 | 12,3 | 15,6 | 11,2
OCH2 | 2,11 | 3,12 | 6,15 | 13,4 | 16,7 | 18,9 | XXX  | 8,17 | 10,1 | 5,14
RAY2 | 14,5 | 6,15 | 10,1 | 9,18 | 13,4 | 3,12 | 17,8 | XXX  | 2,11 | 16,7
STO2 | 16,7 | 13,4 | 14,5 | 3,12 | 9,18 | 6,15 | 1,10 | 11,2 | XXX  | 8,17
WIL1 | 4,13 | 9,18 | 12,3 | 1,10 | 15,6 | 2,11 | 14,5 | 7,16 | 17,8 | XXX 

✓ Grid exported to output/fixture_grid_div_4.csv

================================================================================
DIVISION: Div 5
================================================================================
Loaded 90 fixtures
Found 18 teams

Fixture Grid (format: home_week,away_week)
home_week = row team is at home
away_week = column team is at home

     | AGH2 | BEA2 | GAL2 | HOH1 | LBA2 | RAF1 | RET2 | SJB1 | STA1 | SWB2
--------------------------------------------------------------------------
AGH2 | XXX  | 2,11 | 4,13 | 5,14 | 16,7 | 10,1 | 15,6 | 12,3 | 18,9 | 8,17
BEA2 | 11,2 | XXX  | 8,17 | 16,7 | 9,18 | 14,5 | 4,13 | 1,10 | 12,3 | 6,15
GAL2 | 13,4 | 17,8 | XXX  | 9,18 | 3,12 | 2,11 | 10,1 | 5,14 | 6,15 | 16,7
HOH1 | 14,5 | 7,16 | 18,9 | XXX  | 17,8 | 6,15 | 12,3 | 2,11 | 10,1 | 4,13
LBA2 | 7,16 | 18,9 | 12,3 | 8,17 | XXX  | 4,13 | 2,11 | 15,6 | 14,5 | 10,1
RAF1 | 1,10 | 5,14 | 11,2 | 15,6 | 13,4 | XXX  | 9,18 | 8,17 | 16,7 | 3,12
RET2 | 6,15 | 13,4 | 1,10 | 3,12 | 11,2 | 18,9 | XXX  | 16,7 | 8,17 | 14,5
SJB1 | 3,12 | 10,1 | 14,5 | 11,2 | 6,15 | 17,8 | 7,16 | XXX  | 4,13 | 18,9
STA1 | 9,18 | 3,12 | 15,6 | 1,10 | 5,14 | 7,16 | 17,8 | 13,4 | XXX  | 11,2
SWB2 | 17,8 | 15,6 | 7,16 | 13,4 | 1,10 | 12,3 | 5,14 | 9,18 | 2,11 | XXX 

✓ Grid exported to output/fixture_grid_div_5.csv

================================================================================
DIVISION: Div 6
================================================================================
Loaded 90 fixtures
Found 18 teams

Fixture Grid (format: home_week,away_week)
home_week = row team is at home
away_week = column team is at home

     | BAP3 | DAN1 | EPF2 | ILC2 | RAY3 | SOS2 | SPM3 | SWE2 | THB2 | TIL2
--------------------------------------------------------------------------
BAP3 | XXX  | 9,18 | 5,14 | 2,11 | 10,1 | 13,4 | 3,12 | 7,16 | 15,6 | 17,8
DAN1 | 18,9 | XXX  | 7,16 | 6,15 | 17,8 | 2,11 | 14,5 | 10,1 | 4,13 | 12,3
EPF2 | 14,5 | 16,7 | XXX  | 9,18 | 6,15 | 12,3 | 2,11 | 4,13 | 17,8 | 10,1
ILC2 | 11,2 | 15,6 | 18,9 | XXX  | 7,16 | 1,10 | 8,17 | 5,14 | 12,3 | 4,13
RAY3 | 1,10 | 8,17 | 15,6 | 16,7 | XXX  | 5,14 | 13,4 | 12,3 | 9,18 | 2,11
SOS2 | 4,13 | 11,2 | 3,12 | 10,1 | 14,5 | XXX  | 18,9 | 17,8 | 7,16 | 15,6
SPM3 | 12,3 | 5,14 | 11,2 | 17,8 | 4,13 | 9,18 | XXX  | 15,6 | 1,10 | 7,16
SWE2 | 16,7 | 1,10 | 13,4 | 14,5 | 3,12 | 8,17 | 6,15 | XXX  | 11,2 | 9,18
THB2 | 6,15 | 13,4 | 8,17 | 3,12 | 18,9 | 16,7 | 10,1 | 2,11 | XXX  | 14,5
TIL2 | 8,17 | 3,12 | 1,10 | 13,4 | 11,2 | 6,15 | 16,7 | 18,9 | 5,14 | XXX 

✓ Grid exported to output/fixture_grid_div_6.csv

================================================================================
DIVISION: Div 7
================================================================================
Loaded 90 fixtures
Found 18 teams

Fixture Grid (format: home_week,away_week)
home_week = row team is at home
away_week = column team is at home

     | BEN1 | BOR2 | BRO2 | EAS2 | EHG2 | GBA2 | IGF2 | OCH3 | SWB3 | TER2
--------------------------------------------------------------------------
BEN1 | XXX  | 4,13 | 14,5 | 2,11 | 8,17 | 10,1 | 6,15 | 12,3 | 16,7 | 18,9
BOR2 | 13,4 | XXX  | 6,15 | 10,1 | 18,9 | 16,7 | 3,12 | 8,17 | 11,2 | 14,5
BRO2 | 5,14 | 15,6 | XXX  | 7,16 | 11,2 | 18,9 | 1,10 | 4,13 | 8,17 | 12,3
EAS2 | 11,2 | 1,10 | 16,7 | XXX  | 3,12 | 6,15 | 13,4 | 14,5 | 9,18 | 8,17
EHG2 | 17,8 | 9,18 | 2,11 | 12,3 | XXX  | 5,14 | 7,16 | 15,6 | 4,13 | 10,1
GBA2 | 1,10 | 7,16 | 9,18 | 15,6 | 14,5 | XXX  | 17,8 | 2,11 | 12,3 | 4,13
IGF2 | 15,6 | 12,3 | 10,1 | 4,13 | 16,7 | 8,17 | XXX  | 18,9 | 5,14 | 2,11
OCH3 | 3,12 | 17,8 | 13,4 | 5,14 | 6,15 | 11,2 | 9,18 | XXX  | 1,10 | 16,7
SWB3 | 7,16 | 2,11 | 17,8 | 18,9 | 13,4 | 3,12 | 14,5 | 10,1 | XXX  | 6,15
TER2 | 9,18 | 5,14 | 3,12 | 17,8 | 1,10 | 13,4 | 11,2 | 7,16 | 15,6 | XXX 

✓ Grid exported to output/fixture_grid_div_7.csv

================================================================================
DIVISION: Div 8
================================================================================
Loaded 90 fixtures
Found 18 teams

Fixture Grid (format: home_week,away_week)
home_week = row team is at home
away_week = column team is at home

     | BAP4 | BRF2 | CHI1 | HOH2 | ILC3 | OCH4 | SJB2 | SLO2 | WMO2 | WRI2
--------------------------------------------------------------------------
BAP4 | XXX  | 12,3 | 8,17 | 14,5 | 11,2 | 6,15 | 4,13 | 18,9 | 1,10 | 16,7
BRF2 | 3,12 | XXX  | 18,9 | 17,8 | 15,6 | 11,2 | 10,1 | 7,16 | 13,4 | 5,14
CHI1 | 17,8 | 9,18 | XXX  | 4,13 | 7,16 | 1,10 | 14,5 | 11,2 | 6,15 | 3,12
HOH2 | 5,14 | 8,17 | 13,4 | XXX  | 9,18 | 3,12 | 11,2 | 1,10 | 16,7 | 15,6
ILC3 | 2,11 | 6,15 | 16,7 | 18,9 | XXX  | 13,4 | 3,12 | 5,14 | 8,17 | 10,1
OCH4 | 15,6 | 2,11 | 10,1 | 12,3 | 4,13 | XXX  | 7,16 | 8,17 | 14,5 | 18,9
SJB2 | 13,4 | 1,10 | 5,14 | 2,11 | 12,3 | 16,7 | XXX  | 15,6 | 9,18 | 8,17
SLO2 | 9,18 | 16,7 | 2,11 | 10,1 | 14,5 | 17,8 | 6,15 | XXX  | 3,12 | 13,4
WMO2 | 10,1 | 4,13 | 15,6 | 7,16 | 17,8 | 5,14 | 18,9 | 12,3 | XXX  | 2,11
WRI2 | 7,16 | 14,5 | 12,3 | 6,15 | 1,10 | 9,18 | 17,8 | 4,13 | 11,2 | XXX 

✓ Grid exported to output/fixture_grid_div_8.csv

================================================================================
DIVISION: Div 9
================================================================================
Loaded 90 fixtures
Found 18 teams

Fixture Grid (format: home_week,away_week)
home_week = row team is at home
away_week = column team is at home

     | AGH3 | BAP5 | BRE1 | CSK2 | GAL3 | HAP2 | HUT1 | NAV2 | SOS3 | UPM1
--------------------------------------------------------------------------
AGH3 | XXX  | 10,1 | 5,14 | 15,6 | 18,9 | 4,13 | 2,11 | 17,8 | 12,3 | 7,16
BAP5 | 1,10 | XXX  | 9,18 | 11,2 | 7,16 | 12,3 | 17,8 | 15,6 | 4,13 | 5,14
BRE1 | 14,5 | 18,9 | XXX  | 16,7 | 4,13 | 6,15 | 10,1 | 11,2 | 8,17 | 3,12
CSK2 | 6,15 | 2,11 | 7,16 | XXX  | 14,5 | 17,8 | 9,18 | 3,12 | 10,1 | 13,4
GAL3 | 9,18 | 16,7 | 13,4 | 5,14 | XXX  | 2,11 | 12,3 | 1,10 | 15,6 | 8,17
HAP2 | 13,4 | 3,12 | 15,6 | 8,17 | 11,2 | XXX  | 16,7 | 5,14 | 18,9 | 1,10
HUT1 | 11,2 | 8,17 | 1,10 | 18,9 | 3,12 | 7,16 | XXX  | 13,4 | 5,14 | 15,6
NAV2 | 8,17 | 6,15 | 2,11 | 12,3 | 10,1 | 14,5 | 4,13 | XXX  | 16,7 | 18,9
SOS3 | 3,12 | 13,4 | 17,8 | 1,10 | 6,15 | 9,18 | 14,5 | 7,16 | XXX  | 11,2
UPM1 | 16,7 | 14,5 | 12,3 | 4,13 | 17,8 | 10,1 | 6,15 | 9,18 | 2,11 | XXX 

✓ Grid exported to output/fixture_grid_div_9.csv

================================================================================
DIVISION: Div 10
================================================================================
Loaded 90 fixtures
Found 18 teams

Fixture Grid (format: home_week,away_week)
home_week = row team is at home
away_week = column team is at home

     | BFL1 | GTO3 | HOH3 | ILC4 | RAF2 | RAN2 | RAY4 | SOS4 | UPM2 | WIL2
--------------------------------------------------------------------------
BFL1 | XXX  | 11,2 | 3,12 | 13,4 | 1,10 | 5,14 | 9,18 | 17,8 | 15,6 | 7,16
GTO3 | 2,11 | XXX  | 18,9 | 8,17 | 5,14 | 16,7 | 13,4 | 3,12 | 10,1 | 15,6
HOH3 | 12,3 | 9,18 | XXX  | 16,7 | 15,6 | 8,17 | 5,14 | 13,4 | 2,11 | 1,10
ILC4 | 4,13 | 17,8 | 7,16 | XXX  | 11,2 | 15,6 | 1,10 | 14,5 | 12,3 | 9,18
RAF2 | 10,1 | 14,5 | 6,15 | 2,11 | XXX  | 18,9 | 12,3 | 7,16 | 17,8 | 4,13
RAN2 | 14,5 | 7,16 | 17,8 | 6,15 | 9,18 | XXX  | 2,11 | 1,10 | 4,13 | 12,3
RAY4 | 18,9 | 4,13 | 14,5 | 10,1 | 3,12 | 11,2 | XXX  | 6,15 | 7,16 | 17,8
SOS4 | 8,17 | 12,3 | 4,13 | 5,14 | 16,7 | 10,1 | 15,6 | XXX  | 18,9 | 2,11
UPM2 | 6,15 | 1,10 | 11,2 | 3,12 | 8,17 | 13,4 | 16,7 | 9,18 | XXX  | 14,5
WIL2 | 16,7 | 6,15 | 10,1 | 18,9 | 13,4 | 3,12 | 8,17 | 11,2 | 5,14 | XXX 

✓ Grid exported to output/fixture_grid_div_10.csv

================================================================================
DIVISION: Div 11
================================================================================
Loaded 90 fixtures
Found 18 teams

Fixture Grid (format: home_week,away_week)
home_week = row team is at home
away_week = column team is at home

     | BRE2 | BRX2 | EAS3 | GAL4 | GWA3 | HUT2 | OAK1 | OCH5 | RAY5 | SLO3
--------------------------------------------------------------------------
BRE2 | XXX  | 13,4 | 15,6 | 2,11 | 1,10 | 5,14 | 7,16 | 17,8 | 9,18 | 12,3
BRX2 | 4,13 | XXX  | 17,8 | 9,18 | 14,5 | 2,11 | 12,3 | 1,10 | 6,15 | 16,7
EAS3 | 6,15 | 8,17 | XXX  | 12,3 | 4,13 | 16,7 | 18,9 | 11,2 | 14,5 | 1,10
GAL4 | 11,2 | 18,9 | 3,12 | XXX  | 17,8 | 10,1 | 6,15 | 7,16 | 4,13 | 14,5
GWA3 | 10,1 | 5,14 | 13,4 | 8,17 | XXX  | 12,3 | 2,11 | 15,6 | 16,7 | 18,9
HUT2 | 14,5 | 11,2 | 7,16 | 1,10 | 3,12 | XXX  | 4,13 | 9,18 | 17,8 | 6,15
OAK1 | 16,7 | 3,12 | 9,18 | 15,6 | 11,2 | 13,4 | XXX  | 5,14 | 1,10 | 8,17
OCH5 | 8,17 | 10,1 | 2,11 | 16,7 | 6,15 | 18,9 | 14,5 | XXX  | 12,3 | 4,13
RAY5 | 18,9 | 15,6 | 5,14 | 13,4 | 7,16 | 8,17 | 10,1 | 3,12 | XXX  | 11,2
SLO3 | 3,12 | 7,16 | 10,1 | 5,14 | 9,18 | 15,6 | 17,8 | 13,4 | 2,11 | XXX 

✓ Grid exported to output/fixture_grid_div_11.csv

================================================================================
DIVISION: Div 12
================================================================================
Loaded 90 fixtures
Found 18 teams

Fixture Grid (format: home_week,away_week)
home_week = row team is at home
away_week = column team is at home

     | BAP6 | BEL1 | BFL2 | GBA3 | GTO4 | IGF3 | RAF3 | RAY6 | SPM4 | SWB4 | TIL3
---------------------------------------------------------------------------------
BAP6 | XXX  | 16,7 | 2,11 | -,4  | -,12 | 6,15 | 13,- | 8,17 | 10,1 | 18,- | -,5 
BEL1 | 7,16 | XXX  | 9,18 | 3,-  | 5,14 | 17,8 | -,11 | 15,6 | 2,-  | 13,- | 10,1
BFL2 | 11,2 | 18,9 | XXX  | 17,8 | -,1  | 7,-  | -,16 | 3,12 | 4,13 | 14,5 | 6,15
GBA3 | 4,-  | -,3  | 8,17 | XXX  | 2,11 | 14,5 | 12,1 | 10,- | 18,9 | -,15 | 16,7
GTO4 | 12,- | 14,5 | 1,-  | 11,2 | XXX  | 9,18 | 17,10 | -,16 | 6,15 | -,8  | 4,13
IGF3 | 15,6 | 8,17 | -,7  | 5,14 | 18,9 | XXX  | 2,-  | 13,4 | 12,3 | 10,1 | -,11
RAF3 | -,13 | 11,- | 16,- | 1,12 | 10,17 | -,2  | XXX  | 18,- | -,5  | 6,9  | 14,8
RAY6 | 17,8 | 6,15 | 12,3 | -,10 | 16,- | 4,13 | -,18 | XXX  | 14,- | 2,11 | 9,- 
SPM4 | 1,10 | -,2  | 13,4 | 9,18 | 15,6 | 3,12 | 5,-  | -,14 | XXX  | 7,16 | 17,-
SWB4 | -,18 | -,13 | 5,14 | 15,- | 8,-  | 1,10 | 9,6  | 11,2 | 16,7 | XXX  | 12,3
TIL3 | 5,-  | 1,10 | 15,6 | 7,16 | 13,4 | 11,- | 8,14 | -,9  | -,17 | 3,12 | XXX 

✓ Grid exported to output/fixture_grid_div_12.csv

